0.0001 0.08033399994375992
0.0001 0.08033399994375992
0.0001 0.08033399994375992
0.0001 0.08033399994375992
0.0001 0.08033399994375992
0.0001 0.08033399994375992
0.0001 0.08033399994375992
0.0001 0.08033399994375992
0.0001 0.08033399994375992
0.0001 0.08033399994375992
0.001 0.00664129246333246
0.001 0.00664129246333246
0.001 0.00664129246333246
0.001 0.00664129246333246
0.001 0.00664129246333246
0.001 0.00664129246333246
0.001 0.00664129246333246
0.001 0.00664129246333246
0.001 0.00664129246333246
0.001 0.00664129246333246
0.01 0.031115654427831603
0.01 0.031115654427831603
0.01 0.031115654427831603
0.01 0.031115654427831603
0.01 0.031115654427831603
0.01 0.031115654427831603
0.01 0.031115654427831603
0.01 0.031115654427831603
0.01 0.031115654427831603
0.01 0.031115654427831603
1e-05 -9.924720991199237e-06
1e-05 -9.924720991199237e-06
1e-05 -9.924720991199237e-06
1e-05 -9.924720991199237e-06
1e-05 -9.924720991199237e-06
1e-05 -9.924720991199237e-06
1e-05 -9.924720991199237e-06
1e-05 -9.924720991199237e-06
1e-05 -9.924720991199237e-06
1e-05 -9.924720991199237e-06
1e-06 -9.924720991199237e-06
1e-06 -9.924720991199237e-06
1e-06 -9.924720991199237e-06
1e-06 -9.924720991199237e-06
1e-06 -9.924720991199237e-06
1e-06 -9.924720991199237e-06
1e-06 -9.924720991199237e-06
1e-06 -9.924720991199237e-06
1e-06 -9.924720991199237e-06
1e-06 -9.924720991199237e-06
1e-07 -9.924720991199237e-06
1e-07 -9.924720991199237e-06
1e-07 -9.924720991199237e-06
1e-07 -9.924720991199237e-06
1e-07 -9.924720991199237e-06
1e-07 -9.924720991199237e-06
1e-07 -9.924720991199237e-06
1e-07 -9.924720991199237e-06
1e-07 -9.924720991199237e-06
1e-07 -9.924720991199237e-06
1e-08 -2.9774162973781355e-05
1e-08 -2.9774162973781355e-05
1e-08 -2.9774162973781355e-05
1e-08 -2.9774162973781355e-05
1e-08 -2.9774162973781355e-05
1e-08 -2.9774162973781355e-05
1e-08 -2.9774162973781355e-05
1e-08 -2.9774162973781355e-05
1e-08 -2.9774162973781355e-05
1e-08 -2.9774162973781355e-05
1e-09 -1.1578841156460325e-05
1e-09 -1.1578841156460325e-05
1e-09 -1.1578841156460325e-05
1e-09 -1.1578841156460325e-05
1e-09 -1.1578841156460325e-05
1e-09 -1.1578841156460325e-05
1e-09 -1.1578841156460325e-05
1e-09 -1.1578841156460325e-05
1e-09 -1.1578841156460325e-05
1e-09 -1.1578841156460325e-05
1e-10 0.0
1e-10 0.0
1e-10 0.0
1e-10 0.0
1e-10 0.0
1e-10 0.0
1e-10 0.0
1e-10 0.0
1e-10 0.0
1e-10 0.0
0.0001 0.08033399994375992
0.0001 0.08033399994375992
0.0001 0.08033399994375992
0.0001 0.08033399994375992
0.0001 0.08033399994375992
0.0001 0.08033399994375992
0.0001 0.08033399994375992
0.0001 0.08033399994375992
0.0001 0.08033399994375992
0.0001 0.08033399994375992
0.001 0.0025208791317855414
0.001 0.0025208791317855414
0.001 0.0025208791317855414
0.001 0.0025208791317855414
0.001 0.0025208791317855414
0.001 0.0025208791317855414
0.001 0.0025208791317855414
0.001 0.0025208791317855414
0.001 0.0025208791317855414
0.001 0.0025208791317855414
0.01 0.00030601223056466993
0.01 0.00030601223056466993
0.01 0.00030601223056466993
0.01 0.00030601223056466993
0.01 0.00030601223056466993
0.01 0.00030601223056466993
0.01 0.00030601223056466993
0.01 0.00030601223056466993
0.01 0.00030601223056466993
0.01 0.00030601223056466993
1e-05 -9.924720991199237e-06
1e-05 -9.924720991199237e-06
1e-05 -9.924720991199237e-06
1e-05 -9.924720991199237e-06
1e-05 -9.924720991199237e-06
1e-05 -9.924720991199237e-06
1e-05 -9.924720991199237e-06
1e-05 -9.924720991199237e-06
1e-05 -9.924720991199237e-06
1e-05 -9.924720991199237e-06
1e-06 -9.924720991199237e-06
1e-06 -9.924720991199237e-06
1e-06 -9.924720991199237e-06
1e-06 -9.924720991199237e-06
1e-06 -9.924720991199237e-06
1e-06 -9.924720991199237e-06
1e-06 -9.924720991199237e-06
1e-06 -9.924720991199237e-06
1e-06 -9.924720991199237e-06
1e-06 -9.924720991199237e-06
1e-07 -9.924720991199237e-06
1e-07 -9.924720991199237e-06
1e-07 -9.924720991199237e-06
1e-07 -9.924720991199237e-06
1e-07 -9.924720991199237e-06
1e-07 -9.924720991199237e-06
1e-07 -9.924720991199237e-06
1e-07 -9.924720991199237e-06
1e-07 -9.924720991199237e-06
1e-07 -9.924720991199237e-06
1e-08 -2.9774162973781355e-05
1e-08 -2.9774162973781355e-05
1e-08 -2.9774162973781355e-05
1e-08 -2.9774162973781355e-05
1e-08 -2.9774162973781355e-05
1e-08 -2.9774162973781355e-05
1e-08 -2.9774162973781355e-05
1e-08 -2.9774162973781355e-05
1e-08 -2.9774162973781355e-05
1e-08 -2.9774162973781355e-05
1e-09 -1.1578841156460325e-05
1e-09 -1.1578841156460325e-05
1e-09 -1.1578841156460325e-05
1e-09 -1.1578841156460325e-05
1e-09 -1.1578841156460325e-05
1e-09 -1.1578841156460325e-05
1e-09 -1.1578841156460325e-05
1e-09 -1.1578841156460325e-05
1e-09 -1.1578841156460325e-05
1e-09 -1.1578841156460325e-05
1e-10 0.0
1e-10 0.0
1e-10 0.0
1e-10 0.0
1e-10 0.0
1e-10 0.0
1e-10 0.0
1e-10 0.0
1e-10 0.0
1e-10 0.0
0.0001 0.08033399994375992
0.0001 0.08033399994375992
0.0001 0.08033399994375992
0.0001 0.08033399994375992
0.0001 0.08033399994375992
0.0001 0.08033399994375992
0.0001 0.08033399994375992
0.0001 0.08033399994375992
0.0001 0.08033399994375992
0.0001 0.08033399994375992
0.001 0.003232150802827241
0.001 0.003232150802827241
0.001 0.003232150802827241
0.001 0.003232150802827241
0.001 0.003232150802827241
0.001 0.003232150802827241
0.001 0.003232150802827241
0.001 0.003232150802827241
0.001 0.003232150802827241
0.001 0.003232150802827241
0.01 0.04138277829331206
0.01 0.04138277829331206
0.01 0.04138277829331206
0.01 0.04138277829331206
0.01 0.04138277829331206
0.01 0.04138277829331206
0.01 0.04138277829331206
0.01 0.04138277829331206
0.01 0.04138277829331206
0.01 0.04138277829331206
1e-05 -9.924720991199237e-06
1e-05 -9.924720991199237e-06
1e-05 -9.924720991199237e-06
1e-05 -9.924720991199237e-06
1e-05 -9.924720991199237e-06
1e-05 -9.924720991199237e-06
1e-05 -9.924720991199237e-06
1e-05 -9.924720991199237e-06
1e-05 -9.924720991199237e-06
1e-05 -9.924720991199237e-06
1e-06 -9.924720991199237e-06
1e-06 -9.924720991199237e-06
1e-06 -9.924720991199237e-06
1e-06 -9.924720991199237e-06
1e-06 -9.924720991199237e-06
1e-06 -9.924720991199237e-06
1e-06 -9.924720991199237e-06
1e-06 -9.924720991199237e-06
1e-06 -9.924720991199237e-06
1e-06 -9.924720991199237e-06
1e-07 -9.924720991199237e-06
1e-07 -9.924720991199237e-06
1e-07 -9.924720991199237e-06
1e-07 -9.924720991199237e-06
1e-07 -9.924720991199237e-06
1e-07 -9.924720991199237e-06
1e-07 -9.924720991199237e-06
1e-07 -9.924720991199237e-06
1e-07 -9.924720991199237e-06
1e-07 -9.924720991199237e-06
1e-08 -2.9774162973781355e-05
1e-08 -2.9774162973781355e-05
1e-08 -2.9774162973781355e-05
1e-08 -2.9774162973781355e-05
1e-08 -2.9774162973781355e-05
1e-08 -2.9774162973781355e-05
1e-08 -2.9774162973781355e-05
1e-08 -2.9774162973781355e-05
1e-08 -2.9774162973781355e-05
1e-08 -2.9774162973781355e-05
1e-09 -1.1578841156460325e-05
1e-09 -1.1578841156460325e-05
1e-09 -1.1578841156460325e-05
1e-09 -1.1578841156460325e-05
1e-09 -1.1578841156460325e-05
1e-09 -1.1578841156460325e-05
1e-09 -1.1578841156460325e-05
1e-09 -1.1578841156460325e-05
1e-09 -1.1578841156460325e-05
1e-09 -1.1578841156460325e-05
1e-10 0.0
1e-10 0.0
1e-10 0.0
1e-10 0.0
1e-10 0.0
1e-10 0.0
1e-10 0.0
1e-10 0.0
1e-10 0.0
1e-10 0.0
0.0001 0.08033399994375992
0.0001 0.08033399994375992
0.0001 0.08033399994375992
0.0001 0.08033399994375992
0.0001 0.08033399994375992
0.0001 0.08033399994375992
0.0001 0.08033399994375992
0.0001 0.08033399994375992
0.0001 0.08033399994375992
0.0001 0.08033399994375992
0.001 -0.017386457056559227
0.001 -0.017386457056559227
0.001 -0.017386457056559227
0.001 -0.017386457056559227
0.001 -0.017386457056559227
0.001 -0.017386457056559227
0.001 -0.017386457056559227
0.001 -0.017386457056559227
0.001 -0.017386457056559227
0.001 -0.017386457056559227
0.01 -0.2033674578323416
0.01 -0.2033674578323416
0.01 -0.2033674578323416
0.01 -0.2033674578323416
0.01 -0.2033674578323416
0.01 -0.2033674578323416
0.01 -0.2033674578323416
0.01 -0.2033674578323416
0.01 -0.2033674578323416
0.01 -0.2033674578323416
1e-05 -9.924720991199237e-06
1e-05 -9.924720991199237e-06
1e-05 -9.924720991199237e-06
1e-05 -9.924720991199237e-06
1e-05 -9.924720991199237e-06
1e-05 -9.924720991199237e-06
1e-05 -9.924720991199237e-06
1e-05 -9.924720991199237e-06
1e-05 -9.924720991199237e-06
1e-05 -9.924720991199237e-06
1e-06 -9.924720991199237e-06
1e-06 -9.924720991199237e-06
1e-06 -9.924720991199237e-06
1e-06 -9.924720991199237e-06
1e-06 -9.924720991199237e-06
1e-06 -9.924720991199237e-06
1e-06 -9.924720991199237e-06
1e-06 -9.924720991199237e-06
1e-06 -9.924720991199237e-06
1e-06 -9.924720991199237e-06
1e-07 -9.924720991199237e-06
1e-07 -9.924720991199237e-06
1e-07 -9.924720991199237e-06
1e-07 -9.924720991199237e-06
1e-07 -9.924720991199237e-06
1e-07 -9.924720991199237e-06
1e-07 -9.924720991199237e-06
1e-07 -9.924720991199237e-06
1e-07 -9.924720991199237e-06
1e-07 -9.924720991199237e-06
1e-08 -2.9774162973781355e-05
1e-08 -2.9774162973781355e-05
1e-08 -2.9774162973781355e-05
1e-08 -2.9774162973781355e-05
1e-08 -2.9774162973781355e-05
1e-08 -2.9774162973781355e-05
1e-08 -2.9774162973781355e-05
1e-08 -2.9774162973781355e-05
1e-08 -2.9774162973781355e-05
1e-08 -2.9774162973781355e-05
1e-09 -1.1578841156460325e-05
1e-09 -1.1578841156460325e-05
1e-09 -1.1578841156460325e-05
1e-09 -1.1578841156460325e-05
1e-09 -1.1578841156460325e-05
1e-09 -1.1578841156460325e-05
1e-09 -1.1578841156460325e-05
1e-09 -1.1578841156460325e-05
1e-09 -1.1578841156460325e-05
1e-09 -1.1578841156460325e-05
1e-10 0.0
1e-10 0.0
1e-10 0.0
1e-10 0.0
1e-10 0.0
1e-10 0.0
1e-10 0.0
1e-10 0.0
1e-10 0.0
1e-10 0.0
0.0001 0.04647912252233492
0.0001 0.04647912252233492
0.0001 0.04647912252233492
0.0001 0.04647912252233492
0.0001 0.04647912252233492
0.0001 0.04647912252233492
0.0001 0.04647912252233492
0.0001 0.04647912252233492
0.0001 0.04647912252233492
0.0001 0.04647912252233492
0.001 -0.17727702046642876
0.001 -0.17727702046642876
0.001 -0.17727702046642876
0.001 -0.17727702046642876
0.001 -0.17727702046642876
0.001 -0.17727702046642876
0.001 -0.17727702046642876
0.001 -0.17727702046642876
0.001 -0.17727702046642876
0.001 -0.17727702046642876
0.01 -0.6361415331378163
0.01 -0.6361415331378163
0.01 -0.6361415331378163
0.01 -0.6361415331378163
0.01 -0.6361415331378163
0.01 -0.6361415331378163
0.01 -0.6361415331378163
0.01 -0.6361415331378163
0.01 -0.6361415331378163
0.01 -0.6361415331378163
1e-05 -9.924720991199237e-06
1e-05 -9.924720991199237e-06
1e-05 -9.924720991199237e-06
1e-05 -9.924720991199237e-06
1e-05 -9.924720991199237e-06
1e-05 -9.924720991199237e-06
1e-05 -9.924720991199237e-06
1e-05 -9.924720991199237e-06
1e-05 -9.924720991199237e-06
1e-05 -9.924720991199237e-06
1e-06 -9.924720991199237e-06
1e-06 -9.924720991199237e-06
1e-06 -9.924720991199237e-06
1e-06 -9.924720991199237e-06
1e-06 -9.924720991199237e-06
1e-06 -9.924720991199237e-06
1e-06 -9.924720991199237e-06
1e-06 -9.924720991199237e-06
1e-06 -9.924720991199237e-06
1e-06 -9.924720991199237e-06
1e-07 -9.924720991199237e-06
1e-07 -9.924720991199237e-06
1e-07 -9.924720991199237e-06
1e-07 -9.924720991199237e-06
1e-07 -9.924720991199237e-06
1e-07 -9.924720991199237e-06
1e-07 -9.924720991199237e-06
1e-07 -9.924720991199237e-06
1e-07 -9.924720991199237e-06
1e-07 -9.924720991199237e-06
1e-08 -2.9774162973781355e-05
1e-08 -2.9774162973781355e-05
1e-08 -2.9774162973781355e-05
1e-08 -2.9774162973781355e-05
1e-08 -2.9774162973781355e-05
1e-08 -2.9774162973781355e-05
1e-08 -2.9774162973781355e-05
1e-08 -2.9774162973781355e-05
1e-08 -2.9774162973781355e-05
1e-08 -2.9774162973781355e-05
1e-09 -1.1578841156460325e-05
1e-09 -1.1578841156460325e-05
1e-09 -1.1578841156460325e-05
1e-09 -1.1578841156460325e-05
1e-09 -1.1578841156460325e-05
1e-09 -1.1578841156460325e-05
1e-09 -1.1578841156460325e-05
1e-09 -1.1578841156460325e-05
1e-09 -1.1578841156460325e-05
1e-09 -1.1578841156460325e-05
1e-10 0.0
1e-10 0.0
1e-10 0.0
1e-10 0.0
1e-10 0.0
1e-10 0.0
1e-10 0.0
1e-10 0.0
1e-10 0.0
1e-10 0.0
